<TICKER>,<PER>,<DATE>,<TIME>,<OPEN>,<HIGH>,<LOW>,<CLOSE>,<VOL>,<OPENINT>
BBT,D,20190514,000000,20.7241,20.9118,19.3586,19.9072,417336.8985561,0
BBT,D,20190515,000000,20.181,24.9296,20.181,24.9296,356090.48893087,0
BBT,D,20190516,000000,26.1164,27.0295,22.3726,22.8287,379211.25448398,0
BBT,D,20190517,000000,22.8287,23.9249,21.2125,23.1941,161650.78512833,0
BBT,D,20190520,000000,23.5595,23.5595,21.2764,21.3865,53600.742471217,0
BBT,D,20190521,000000,21.4596,22.1895,20.1995,20.9118,66401.53286254,0
BBT,D,20190522,000000,20.6196,20.6196,18.3133,18.8748,179602.374896,0
BBT,D,20190523,000000,18.5372,19.7518,18.2818,19.2217,34732.494178653,0
BBT,D,20190524,000000,19.3586,22.5548,19.1856,22.5548,134386.67980406,0
BBT,D,20190527,000000,22.0988,22.528,20.7334,21.3679,78524.558047365,0
BBT,D,20190528,000000,21.5502,22.3726,21.021,21.1857,38120.239245905,0
BBT,D,20190529,000000,21.441,21.5502,19.9803,20.6371,25253.509974844,0
BBT,D,20190530,000000,19.9072,21.7334,18.811,20.1903,108784.01805618,0
BBT,D,20190531,000000,20.1903,20.6288,19.3956,19.9072,27812.15470177,0
BBT,D,20190603,000000,20.0894,20.4002,19.5418,19.5418,11787.92595992,0
BBT,D,20190604,000000,19.6334,20.354,19.6334,19.8609,15387.540214531,0
BBT,D,20190605,000000,19.8156,20.3633,19.5511,19.9072,11325.272836505,0
BBT,D,20190606,000000,19.7241,19.7241,17.8063,18.8933,77948.403573579,0
BBT,D,20190607,000000,18.7111,19.1763,18.304,18.5372,33968.251752824,0
BBT,D,20190610,000000,18.7111,18.7111,17.8063,18.2633,25519.427424283,0
BBT,D,20190611,000000,17.7156,18.2633,17.3595,17.4418,22686.217525984,0
BBT,D,20190612,000000,17.3595,17.8886,15.7794,16.0718,48129.977383353,0
BBT,D,20190613,000000,16.0718,17.3502,15.8886,15.8886,24261.183883032,0
BBT,D,20190614,000000,16.3641,16.8026,15.7794,16.6546,11666.857852859,0
BBT,D,20190617,000000,16.8932,16.8932,15.9802,16.5278,3031.0265375165,0
BBT,D,20190618,000000,16.8026,16.8026,15.7063,16.0718,8871.4817380164,0
BBT,D,20190619,000000,16.0718,16.0718,14.7933,14.9024,32592.183000236,0
BBT,D,20190621,000000,14.9755,15.9348,14.9755,15.5296,21665.78633789,0
BBT,D,20190624,000000,15.5241,15.5241,14.7202,15.1402,6505.2488240993,0
BBT,D,20190625,000000,15.1402,16.154,13.7978,15.7063,38061.867122858,0
BBT,D,20190626,000000,15.451,15.9255,14.9866,15.7517,4250.3553300695,0
BBT,D,20190627,000000,16.0265,16.6194,15.575,15.7517,14938.939639258,0
BBT,D,20190628,000000,15.9802,16.3179,15.4325,16.1633,9533.0324658909,0
BBT,D,20190701,000000,16.7951,17.341,16.1633,16.8932,24410.357086376,0
BBT,D,20190702,000000,16.8479,19.0672,16.8479,18.4455,58900.715050905,0
BBT,D,20190703,000000,18.4455,18.4455,17.6444,18.1717,17881.327026961,0
BBT,D,20190704,000000,18.2088,18.2633,16.8932,17.3502,22764.047023381,0
BBT,D,20190705,000000,17.167,17.3502,16.5278,16.8479,24249.293265374,0
BBT,D,20190708,000000,17.2133,17.3502,16.6194,16.9849,6652.2600969603,0
BBT,D,20190709,000000,17.167,17.6241,16.9849,17.3502,5375.6401466011,0
BBT,D,20190710,000000,17.613,17.7156,17.167,17.4234,4800.5666380566,0
BBT,D,20190711,000000,17.6185,17.6185,17.0579,17.5769,3294.782056473,0
BBT,D,20190712,000000,17.5695,17.5695,17.3502,17.3502,2345.6945743263,0
BBT,D,20190715,000000,17.5769,18.4733,17.5325,17.8507,17803.497529564,0
BBT,D,20190716,000000,18.0774,18.7194,17.5325,17.9895,22626.764437695,0
BBT,D,20190717,000000,18.4363,18.5372,18.1171,18.268,12657.022014187,0
BBT,D,20190718,000000,18.6194,18.6194,17.9895,18.3956,5485.8986012469,0
BBT,D,20190719,000000,18.2633,18.6287,18.0256,18.5093,4261.1649824858,0
BBT,D,20190722,000000,18.5186,18.5825,17.8174,18.2633,5011.3548601735,0
BBT,D,20190723,000000,18.4548,18.4548,17.8063,18.0811,6137.7206419468,0
BBT,D,20190724,000000,18.0811,18.0811,17.8063,17.8063,3788.7831718956,0
BBT,D,20190725,000000,17.9895,17.9895,16.6194,17.0302,28665.036277412,0
BBT,D,20190726,000000,17.0302,17.0764,16.7471,17.0449,7545.1373865425,0
BBT,D,20190729,000000,17.0449,17.1403,16.711,16.9395,6678.2032627593,0
BBT,D,20190730,000000,17.0283,17.3502,16.711,16.8932,5365.9114594265,0
BBT,D,20190731,000000,17.2864,17.2864,16.3456,16.8932,11805.221403787,0
BBT,D,20190801,000000,16.983,16.983,16.8026,16.8932,3843.9123992185,0
BBT,D,20190802,000000,16.9849,16.9849,16.5371,16.8932,2223.5455020226,0
BBT,D,20190805,000000,16.8932,16.8932,15.9802,16.2521,6606.859556812,0
BBT,D,20190806,000000,16.0023,19.1763,16.0023,16.8572,101952.3177291,0
BBT,D,20190807,000000,17.167,18.674,17.1587,18.2179,34041.757389255,0
BBT,D,20190808,000000,18.6241,20.3633,18.6241,19.9979,122368.50824768,0
BBT,D,20190809,000000,20.2902,20.5465,19.3133,19.9849,39830.326258156,0
BBT,D,20190812,000000,19.9072,20.0848,18.8063,19.6334,24463.324383216,0
BBT,D,20190813,000000,19.1763,19.5372,18.5825,19.1763,18302.903471195,0
BBT,D,20190814,000000,19.4049,19.4049,18.2633,18.9025,17567.84710689,0
BBT,D,20190816,000000,18.4548,19.3503,18.4548,19.341,19215.238135126,0
BBT,D,20190819,000000,19.3586,20.2634,19.3586,19.9979,30812.91421252,0
BBT,D,20190820,000000,19.9979,20.1949,19.6879,20.0802,17755.935058932,0
BBT,D,20190821,000000,20.0163,20.0626,19.2309,19.7194,11206.366659926,0
BBT,D,20190822,000000,19.3586,19.6287,18.7194,19.304,10464.824504172,0
BBT,D,20190823,000000,19.304,19.8517,18.8572,19.4872,7211.1191268804,0
BBT,D,20190826,000000,19.4502,21.8157,19.0848,21.5502,79635.790315756,0
BBT,D,20190827,000000,21.3226,22.2717,21.0025,21.3679,65310.838933741,0
BBT,D,20190828,000000,21.6417,21.6417,20.6742,20.8203,19209.833308918,0
BBT,D,20190829,000000,20.984,21.6371,20.8203,21.2764,7836.9980017813,0
BBT,D,20190830,000000,21.4596,21.6417,20.9979,21.4318,10170.80195845,0
BBT,D,20190902,000000,21.4318,21.4596,21.0025,21.0256,10715.608440229,0
BBT,D,20190903,000000,21.1765,21.2671,20.0163,20.8563,21517.694099787,0
BBT,D,20190904,000000,20.984,21.3586,20.4549,21.1394,7123.5609423088,0
BBT,D,20190905,000000,21.4596,21.7334,20.5557,20.5964,18533.14906766,0
BBT,D,20190906,000000,20.8388,20.984,20.4095,20.5187,4464.3864479113,0
BBT,D,20190909,000000,20.5465,20.8203,19.4872,19.7703,18889.867597397,0
BBT,D,20190910,000000,19.7241,20.2448,18.811,19.5186,15171.347166206,0
BBT,D,20190911,000000,19.1763,20.0709,18.9303,19.9072,11185.828320335,0
BBT,D,20190912,000000,19.9072,20.0709,19.3679,19.9072,8793.6522406194,0
BBT,D,20190913,000000,19.9979,20.5465,19.9979,20.354,14360.623234988,0
BBT,D,20190916,000000,20.601,20.6288,19.651,20.0894,8637.9932458254,0
BBT,D,20190917,000000,20.0894,20.3586,19.181,19.7241,8814.1905802103,0
BBT,D,20190918,000000,19.6334,19.6334,17.8979,18.6102,63277.543314244,0
BBT,D,20190919,000000,18.5372,18.9942,18.082,18.9025,7692.1486594035,0
BBT,D,20190920,000000,18.9942,19.0848,18.4455,18.5372,5275.11037913,0
BBT,D,20190923,000000,18.6102,18.9479,18.3909,18.4501,4704.360731552,0
BBT,D,20190924,000000,18.2633,18.6241,17.4418,17.6148,20085.415154634,0
BBT,D,20190925,000000,17.4501,18.8933,17.4418,18.8933,17392.730737746,0
BBT,D,20190926,000000,19.1763,19.9979,18.9025,19.5418,19686.538980475,0
BBT,D,20190927,000000,17.8063,18.2263,16.254,16.3456,96650.183218933,0
BBT,D,20190930,000000,15.9802,15.9802,12.9486,13.1956,228857.63709588,0
BBT,D,20191001,000000,12.9578,13.4694,11.7978,13.0578,147981.97964798,0
BBT,D,20191002,000000,13.0402,13.5601,12.1087,12.5102,28854.205194696,0
BBT,D,20191003,000000,12.784,13.0495,12.0559,12.7109,23735.834775602,0
BBT,D,20191004,000000,12.9032,14.0449,12.6933,13.2409,24308.746353663,0
BBT,D,20191007,000000,13.0578,13.2225,12.6563,12.6563,29735.19186662,0
BBT,D,20191008,000000,12.9486,12.9486,12.3279,12.7386,14942.182534983,0
BBT,D,20191009,000000,12.7201,12.784,11.7802,11.7802,45150.837177435,0
BBT,D,20191010,000000,11.2316,11.5055,9.1224,9.1224,128905.10506378,0
BBT,D,20191011,000000,8.85782,10.2732,8.85782,9.40733,93183.527689042,0
BBT,D,20191014,000000,9.5794,9.82545,9.26857,9.48597,13279.657993363,0
BBT,D,20191015,000000,9.47857,9.47857,9.13165,9.46931,22695.946213158,0
BBT,D,20191016,000000,9.27782,9.49707,9.19548,9.19548,6318.2418372981,0
BBT,D,20191017,000000,9.22323,9.77094,9.22323,9.27227,10217.28346384,0
BBT,D,20191018,000000,9.27227,9.40178,8.74811,9.09465,22838.633625053,0
BBT,D,20191021,000000,8.87632,9.40549,8.87632,9.3324,12996.445100058,0
BBT,D,20191022,000000,9.3324,9.77094,9.22323,9.40549,11637.671791334,0
BBT,D,20191023,000000,9.54239,9.77094,9.3139,9.47857,3688.2534044245,0
BBT,D,20191024,000000,9.49707,9.65249,9.20473,9.20473,4903.258336011,0
BBT,D,20191025,000000,9.13165,9.36015,9.04007,9.13165,5545.3516895363,0
BBT,D,20191028,000000,9.13165,9.5794,8.21849,8.83007,22421.381041786,0
BBT,D,20191029,000000,8.53811,8.76633,7.68424,7.91709,52695.974563977,0
BBT,D,20191030,000000,7.76186,7.85317,7.41485,7.41485,12548.925490025,0
BBT,D,20191031,000000,7.15916,7.40579,6.75739,7.24871,43696.938927449,0
BBT,D,20191104,000000,7.29616,7.92625,7.29616,7.50802,21562.013674694,0
BBT,D,20191105,000000,7.7984,7.81662,7.03131,7.52448,14964.882805057,0
BBT,D,20191106,000000,7.52448,7.62495,7.22308,7.22308,8247.7647935988,0
BBT,D,20191107,000000,7.12271,7.56102,6.94,7.21402,16837.114603551,0
BBT,D,20191108,000000,7.12271,7.30533,7.06785,7.29616,3916.3370704074,0
BBT,D,20191112,000000,7.29616,7.29616,6.95832,7.16831,5466.4412268976,0
BBT,D,20191113,000000,7.13178,7.16831,6.94,6.94,5114.0465581279,0
BBT,D,20191114,000000,7.03131,7.03131,6.76655,7.01308,1848.4505631788,0
BBT,D,20191115,000000,7.16739,7.16739,6.7757,7.07701,3807.1595810033,0
BBT,D,20191118,000000,7.16739,7.28701,6.84869,7.15916,11394.454611969,0
BBT,D,20191119,000000,7.15916,7.15916,7.04962,7.12271,446.43864479113,0
BBT,D,20191120,000000,7.10439,7.10439,6.86701,7.07701,2177.0639966328,0
BBT,D,20191121,000000,6.92177,7.23224,6.92177,7.1957,5779.9211469689,0
BBT,D,20191122,000000,7.20486,7.20486,6.84869,6.94,4778.9473332241,0
BBT,D,20191125,000000,6.92177,7.53271,6.90355,7.28701,9773.0067495316,0
BBT,D,20191126,000000,7.03131,7.30533,7.03131,7.3044,1426.874118945,0
BBT,D,20191127,000000,7.12271,7.12271,6.94,7.12271,6814.404883204,0
BBT,D,20191128,000000,6.75739,6.79393,5.53376,5.69815,139641.2518436,0
BBT,D,20191129,000000,5.86069,5.86069,5.75291,5.75291,16724.694218422,0
BBT,D,20191202,000000,5.75291,5.75291,5.49722,5.66069,18746.099220261,0
BBT,D,20191203,000000,5.58853,5.58853,5.29638,5.29813,21164.218465776,0
BBT,D,20191204,000000,5.25983,5.29638,4.76666,5.15937,20244.317045153,0
BBT,D,20191205,000000,5.38768,6.7757,5.38768,6.7757,138645.68285606,0
BBT,D,20191206,000000,6.57477,7.23224,6.09992,6.39216,104859.03326383,0
BBT,D,20191209,000000,6.39216,6.72084,6.20954,6.35747,22521.910809256,0
BBT,D,20191210,000000,6.35747,6.40122,5.93553,6.25607,7615.4001272481,0
BBT,D,20191211,000000,6.30085,6.36478,5.78029,6.09715,19285.500875832,0
BBT,D,20191212,000000,6.02683,6.22776,5.62507,6.04515,18413.161925841,0
BBT,D,20191213,000000,6.05431,6.24599,5.6616,5.83507,21172.866187709,0
BBT,D,20191216,000000,5.92646,5.92646,5.5246,5.6616,12177.073446905,0
BBT,D,20191217,000000,5.6616,5.78029,5.34199,5.46984,22273.288803683,0
BBT,D,20191218,000000,5.3146,5.63422,5.21413,5.35114,25883.71271071,0
BBT,D,20191219,000000,5.38768,5.88076,5.38768,5.57946,31538.241889651,0
BBT,D,20191220,000000,5.64339,5.64339,5.38768,5.46891,25725.891785433,0
BBT,D,20191223,000000,5.47899,5.56752,5.20507,5.5246,58078.100502028,0
BBT,D,20191227,000000,5.56114,5.93553,5.3146,5.79676,22712.160691783,0
BBT,D,20191230,000000,5.75291,6.08169,5.6616,5.85338,24738.970519829,0
BBT,D,20200102,000000,6.14562,6.34646,5.93553,6.20954,24190.921142326,0
BBT,D,20200103,000000,6.30085,6.93094,6.30085,6.74822,48363.465875544,0
BBT,D,20200107,000000,6.75739,7.14093,6.75739,7.12271,29529.808470712,0
BBT,D,20200108,000000,7.66139,9.40549,7.66139,9.40549,248859.81792691,0
BBT,D,20200109,000000,10.4101,12.5924,10.0448,11.5609,338897.73676282,0
BBT,D,20200110,000000,11.8709,11.9624,9.77094,10.9393,166459.99948832,0
BBT,D,20200113,000000,10.9578,10.9578,9.68117,9.90965,111317.80058254,0
BBT,D,20200114,000000,9.95312,10.2269,9.30557,10.1363,76911.757906861,0
BBT,D,20200115,000000,10.1816,10.1816,9.58865,9.59883,28176.439988197,0
BBT,D,20200116,000000,9.59883,9.93554,9.50632,9.80699,23267.776825978,0
BBT,D,20200117,000000,9.80699,9.80699,8.87632,9.27782,32263.569566781,0
BBT,D,20200120,000000,9.27782,9.49707,9.04007,9.36015,15521.579904493,0
BBT,D,20200121,000000,9.49707,9.49707,9.1409,9.3139,4395.2046724473,0
BBT,D,20200122,000000,9.48782,11.314,9.3139,11.141,167113.9834595,0
BBT,D,20200123,000000,10.9578,11.4879,10.0901,10.2269,69725.500980538,0
BBT,D,20200124,000000,10.5017,10.684,10.1363,10.2269,25437.27406592,0
BBT,D,20200127,000000,10.3991,10.3991,9.58865,9.9078,33942.308587025,0
BBT,D,20200128,000000,9.86247,10.1816,9.72556,10.1178,16085.843760622,0
BBT,D,20200129,000000,10.1178,10.2982,10.0595,10.1816,16059.900594822,0
BBT,D,20200130,000000,10.2168,10.9125,9.77094,9.77094,47030.63573262,0
BBT,D,20200131,000000,9.78012,10.0448,9.67931,9.86247,11156.642258812,0
BBT,D,20200203,000000,10.1363,11.0494,9.86247,10.6035,33074.293498,0
BBT,D,20200204,000000,14.0994,15.0671,12.6896,14.9755,313106.98706289,0
BBT,D,20200205,000000,14.7016,17.7887,14.4371,14.7933,432213.14221134,0
BBT,D,20200206,000000,14.611,15.6879,14.5379,15.2132,125673.01899132,0
BBT,D,20200207,000000,15.6147,15.6879,15.0033,15.3409,29574.128045618,0
BBT,D,20200210,000000,15.3409,15.7887,14.9773,15.414,44559.549190266,0
BBT,D,20200211,000000,15.6147,15.7341,14.6286,15.1402,41755.52535349,0
BBT,D,20200212,000000,15.4779,15.8525,15.0671,15.3872,51783.639900045,0
BBT,D,20200213,000000,15.5149,15.7063,15.0671,15.3409,6006.9238477101,0
BBT,D,20200214,000000,15.3409,15.5241,15.0764,15.5241,23094.822387318,0
BBT,D,20200217,000000,15.7063,15.7063,15.1124,15.4686,19070.388792748,0
BBT,D,20200218,000000,15.4686,15.5954,15.3595,15.5056,6645.7743055105,0
BBT,D,20200219,000000,15.5056,15.5241,14.8293,15.0578,28586.125814773,0
BBT,D,20200220,000000,15.2864,15.4584,15.1587,15.2095,13416.94057905,0
BBT,D,20200221,000000,15.4232,15.4232,14.9755,15.3872,16519.310822513,0
BBT,D,20200224,000000,15.4603,15.4603,14.0625,15.2502,92549.001092208,0
BBT,D,20200225,000000,15.0671,15.2502,13.7904,14.1633,52646.250162863,0
BBT,D,20200226,000000,13.9255,14.6018,12.5342,14.5176,67161.451427403,0
BBT,D,20200227,000000,14.5009,14.5009,13.3409,13.697,33069.969637034,0
BBT,D,20200228,000000,12.6017,13.697,12.0716,13.1493,89009.920891128,0
BBT,D,20200302,000000,13.4232,15.7434,13.4232,15.5241,130152.53895262,0
BBT,D,20200303,000000,15.9802,16.0718,15.2502,15.7063,77985.156391795,0
BBT,D,20200304,000000,15.7979,16.8756,14.2456,16.4371,196558.39567613,0
BBT,D,20200305,000000,18.9025,19.1533,15.834,16.1633,285795.31926799,0
BBT,D,20200306,000000,15.3872,15.9802,14.3363,15.6786,118149.50090961,0
BBT,D,20200309,000000,13.5148,14.4186,12.3463,13.4324,152077.7569485,0
BBT,D,20200310,000000,14.154,14.8848,12.7931,13.2409,67845.702425352,0
BBT,D,20200311,000000,13.9625,13.9625,11.4601,11.7802,48021.88085919,0
BBT,D,20200312,000000,10.9578,10.9578,9.01139,9.08633,51305.853263248,0
BBT,D,20200313,000000,10.0086,11.004,9.00769,9.62473,109537.45082959,0
BBT,D,20200316,000000,9.15016,12.1447,9.15016,12.0541,65542.165495449,0
BBT,D,20200317,000000,12.9671,14.611,12.9671,14.5611,170713.59771411,0
BBT,D,20200318,000000,14.6018,15.2502,13.1493,14.154,90370.856130334,0
BBT,D,20200319,000000,13.697,15.0671,13.697,14.5648,42444.100212406,0
BBT,D,20200320,000000,14.611,15.7248,14.611,15.0218,98320.274517243,0
BBT,D,20200323,000000,15.0671,16.0172,14.1993,15.3048,102705.75050252,0
BBT,D,20200324,000000,16.0718,17.6148,15.9348,17.3502,121679.93338876,0
BBT,D,20200325,000000,18.1717,18.7018,15.9802,16.5648,226805.96506728,0
BBT,D,20200326,000000,16.5195,17.0764,15.5241,16.3456,60021.676006469,0
BBT,D,20200327,000000,16.4371,17.8063,16.0921,17.5232,90133.043777176,0
BBT,D,20200330,000000,17.5232,18.5372,16.8026,18.4455,42395.456776533,0
BBT,D,20200331,000000,18.811,19.0848,18.2541,18.4455,64948.715577797,0
BBT,D,20200401,000000,18.0811,19.7241,17.3502,19.7241,103546.7414605,0
BBT,D,20200402,000000,19.8156,22.738,19.7703,22.3726,166321.63593739,0
BBT,D,20200403,000000,20.2727,20.9118,18.2448,18.9942,408619.99484764,0
BBT,D,20200406,000000,19.1763,19.6787,17.6241,18.5372,186881.5948331,0
BBT,D,20200407,000000,18.5825,19.3586,17.8063,17.8618,89342.858185548,0
BBT,D,20200408,000000,17.8979,18.4002,16.6379,17.6241,56246.945382716,0
BBT,D,20200409,000000,18.0811,18.2633,17.4594,17.4594,41902.536626352,0
BBT,D,20200414,000000,17.8979,17.9895,16.1633,17.5149,66105.348386336,0
BBT,D,20200415,000000,17.6241,17.8063,16.8026,16.8932,38786.113834747,0
BBT,D,20200416,000000,16.9849,18.2633,16.8932,17.8063,60889.691095495,0
BBT,D,20200417,000000,18.3086,19.131,17.8063,17.9164,46596.087705487,0
BBT,D,20200420,000000,17.9895,18.9942,17.9895,18.4455,34309.836769178,0
BBT,D,20200421,000000,18.9479,18.9942,16.2725,16.9849,114617.98746523,0
BBT,D,20200422,000000,16.8932,17.3317,16.7841,16.8026,60604.316271705,0
BBT,D,20200423,000000,17.0209,17.8063,16.254,16.8756,92540.353370275,0
BBT,D,20200424,000000,16.0532,18.1717,15.5241,18.0811,113384.60612453,0
BBT,D,20200427,000000,18.5372,20.9572,18.1357,20.0894,167391.79152659,0
BBT,D,20200428,000000,19.9979,20.5465,18.9025,19.1763,55429.735660047,0
BBT,D,20200429,000000,18.7194,19.131,17.6602,18.9942,56496.64835353,0
BBT,D,20200430,000000,19.131,19.131,17.7156,18.0987,77905.164963914,0
BBT,D,20200504,000000,18.1357,18.7194,17.8979,18.674,35775.625636821,0
BBT,D,20200505,000000,19.0395,19.7241,18.2633,18.6287,41272.333890484,0
BBT,D,20200506,000000,18.5372,18.9942,17.8979,18.7194,19245.505161892,0
BBT,D,20200507,000000,19.3586,19.6334,18.2633,18.811,58870.448024139,0
BBT,D,20200508,000000,19.131,19.131,18.1357,18.5825,21171.785222467,0
BBT,D,20200511,000000,18.9479,19.131,17.9164,18.2633,26596.068804942,0
BBT,D,20200512,000000,18.4455,18.5825,18.1357,18.5825,22461.376755726,0
BBT,D,20200513,000000,18.2633,18.8572,18.1357,18.4919,24813.557121502,0
BBT,D,20200514,000000,18.4919,18.4919,17.167,17.6426,45989.666204935,0
BBT,D,20200515,000000,17.6426,18.4455,17.5325,17.8618,9075.7841686835,0
BBT,D,20200518,000000,17.4048,18.5372,17.4048,18.4455,19865.979210584,0
BBT,D,20200519,000000,18.674,19.0848,18.4002,19.0395,37904.04619758,0
BBT,D,20200520,000000,19.0848,19.7241,18.811,19.4965,42483.014961104,0
BBT,D,20200521,000000,19.6334,19.9072,19.3133,19.3586,16269.607851698,0
BBT,D,20200522,000000,19.1763,19.5871,18.811,19.3133,13013.740543923,0
BBT,D,20200525,000000,19.2217,20.318,18.9942,20.318,44515.229615359,0
BBT,D,20200526,000000,20.3633,21.9155,20.3633,21.5964,88748.327302654,0
BBT,D,20200527,000000,21.9155,22.281,19.1763,19.6334,84797.399344515,0
BBT,D,20200528,000000,20.0441,20.6833,19.6334,20.318,27350.582543596,0
BBT,D,20200529,000000,22.0072,22.738,20.6833,21.1857,207633.96554181,0
BBT,D,20200601,000000,21.6417,21.8249,20.5002,21.0025,58940.710764844,0
BBT,D,20200602,000000,21.0025,21.0488,20.5465,21.0025,19101.736784756,0
BBT,D,20200603,000000,21.0025,21.0941,20.5465,21.0025,26869.553011072,0
BBT,D,20200604,000000,20.6371,20.9118,19.7703,20.2264,94960.634546273,0
BBT,D,20200605,000000,20.181,20.181,19.1763,19.4502,95771.358477492,0
BBT,D,20200608,000000,19.6334,19.6787,18.5372,19.5418,43736.934641389,0
BBT,D,20200609,000000,19.3586,20.2727,18.9025,20.2727,36377.723276407,0
BBT,D,20200610,000000,20.4549,20.4549,19.1763,19.5418,35022.192863408,0
BBT,D,20200612,000000,18.6287,19.1763,18.3086,18.8572,35845.888377527,0
BBT,D,20200615,000000,18.4455,18.7194,18.3086,18.4455,13723.934707671,0
BBT,D,20200616,000000,18.7194,19.3586,18.5372,19.0848,17657.567221944,0
BBT,D,20200617,000000,19.1763,19.1763,18.7194,18.9942,12075.462714193,0
BBT,D,20200618,000000,19.0848,19.0848,18.4455,18.6287,19097.412923789,0
BBT,D,20200619,000000,18.4919,18.9942,17.8063,18.9942,33209.414153204,0
BBT,D,20200622,000000,18.9942,19.6334,18.674,19.0848,27645.686054559,0
BBT,D,20200623,000000,19.2217,20.8203,18.8572,20.3633,97257.685684727,0
BBT,D,20200624,000000,20.3633,20.3633,19.9072,19.9072,18595.845051675,0
BBT,D,20200625,000000,19.8609,19.9072,19.0848,19.6334,12914.291741694,0
BBT,D,20200626,000000,20.0441,20.3633,19.6334,20.0441,9007.6833584611,0
BBT,D,20200629,000000,20.0441,20.318,20.0441,20.1347,15154.051722341,0
BBT,D,20200630,000000,20.2727,20.2727,19.2217,19.3586,14414.671497069,0
BBT,D,20200701,000000,19.2217,19.9526,19.2217,19.8609,11317.706079814,0
BBT,D,20200702,000000,19.9979,20.2727,19.5418,19.9979,13736.90629057,0
BBT,D,20200703,000000,20.0894,21.2764,19.7703,20.774,71671.238415463,0
BBT,D,20200706,000000,21.0025,21.0025,19.7241,19.9072,68522.386666609,0
BBT,D,20200707,000000,19.9072,20.6371,19.4965,19.5871,31059.374287611,0
BBT,D,20200708,000000,20.0441,21.2764,19.268,20.9572,133773.77251206,0
BBT,D,20200709,000000,21.4596,21.9155,19.6334,20.5465,77640.328479715,0
BBT,D,20200710,000000,21.0025,21.0488,20.0894,20.3633,25259.995766293,0
BBT,D,20200713,000000,20.9118,21.0025,19.9979,20.2727,25555.099277257,0
BBT,D,20200714,000000,20.2727,20.2727,19.3586,19.6334,27117.094051404,0
BBT,D,20200715,000000,19.6787,20.4549,19.6334,20.0894,36723.632153727,0
BBT,D,20200716,000000,20.0894,20.0894,19.6334,20.0441,7793.7593921163,0
BBT,D,20200717,000000,19.8156,20.7287,19.4965,20.2727,43196.452020577,0
BBT,D,20200720,000000,20.0894,20.5465,19.9072,19.9072,21785.773479711,0
BBT,D,20200721,000000,19.9072,20.0441,19.6334,19.7241,22593.254515204,0
BBT,D,20200722,000000,19.9979,19.9979,19.4049,19.5871,15327.006161001,0
BBT,D,20200723,000000,19.8609,19.9072,19.4502,19.4965,21179.351979159,0
BBT,D,20200724,000000,19.4049,19.7241,18.3086,19.268,19939.484847014,0
BBT,D,20200727,000000,19.268,19.268,18.811,18.9025,24242.807473924,0
BBT,D,20200728,000000,18.9025,19.8156,18.6287,18.7194,30464.843404718,0
BBT,D,20200729,000000,19.1763,19.1763,17.8063,18.9479,28081.315046934,0
BBT,D,20200730,000000,19.3586,19.3586,14.9755,17.167,34781.137614526,0
BBT,D,20200731,000000,17.8063,18.7194,17.3502,18.7194,23716.377401253,0
BBT,D,20200803,000000,18.9025,20.4095,18.7657,20.318,86305.345856582,0
BBT,D,20200804,000000,20.5465,20.6833,19.2217,19.9072,25635.090705136,0
BBT,D,20200805,000000,19.268,19.9979,18.811,19.3586,14260.093467517,0
BBT,D,20200806,000000,19.4502,20.0441,18.3549,18.7194,45320.548720369,0
BBT,D,20200807,000000,18.7194,18.7194,18.2633,18.4455,12628.916917905,0
BBT,D,20200810,000000,19.1763,19.3586,18.2633,18.6287,7920.2323253864,0
BBT,D,20200811,000000,18.9942,18.9942,18.1717,18.4455,16667.403060616,0
BBT,D,20200812,000000,18.5825,18.5825,17.7702,18.1717,17490.017609493,0
BBT,D,20200813,000000,18.0441,18.1717,17.8063,18.1357,5402.6642776418,0
BBT,D,20200814,000000,18.0811,18.1717,18.0625,18.1717,5058.917330805,0
BBT,D,20200817,000000,17.8249,18.1717,17.6786,18.1717,6681.4461584841,0
BBT,D,20200818,000000,18.1717,18.1717,18.0811,18.0987,15859.922025122,0
BBT,D,20200819,000000,18.1532,18.1532,17.8433,17.8979,4351.9660627823,0
BBT,D,20200820,000000,17.8063,18.1171,16.711,17.6241,22771.613780072,0
BBT,D,20200821,000000,17.2587,17.6786,17.0764,17.4418,5399.4213819169,0
BBT,D,20200824,000000,17.3502,17.8063,17.2587,17.5325,8729.8752913635,0
BBT,D,20200825,000000,17.6241,17.6241,16.8932,17.167,9433.5836636614,0
BBT,D,20200826,000000,16.8932,17.3502,16.7295,17.167,4052.5386908521,0
BBT,D,20200827,000000,17.3502,17.9895,16.8932,17.5325,7737.5491995518,0
BBT,D,20200828,000000,17.8063,18.1357,17.3502,18.1357,18459.64343123,0
BBT,D,20200831,000000,18.1357,18.1357,17.5325,18.1357,12025.738313079,0
BBT,D,20200901,000000,17.5509,18.0987,16.9849,18.0811,19861.655349618,0
BBT,D,20200902,000000,17.9895,18.1717,17.4779,17.8794,13435.316988157,0
BBT,D,20200903,000000,18.2448,18.7194,17.8979,18.3549,9441.1504203528,0
BBT,D,20200904,000000,18.7194,19.5418,18.4455,18.7657,63953.14659026,0
BBT,D,20200907,000000,18.811,19.4049,18.4455,19.0848,24867.605383584,0
BBT,D,20200908,000000,19.131,19.131,17.3502,18.4455,36017.761850945,0
BBT,D,20200909,000000,17.8979,18.7194,17.8979,18.5372,9334.1348614319,0
BBT,D,20200910,000000,19.1763,19.5418,18.5372,19.2217,47464.102794512,0
BBT,D,20200911,000000,19.3133,20.181,19.268,19.4502,91370.748978836,0
BBT,D,20200914,000000,19.9526,20.0441,19.5418,19.7703,23972.566163517,0
BBT,D,20200915,000000,20.0894,20.0894,19.268,19.6787,14403.861844653,0
BBT,D,20200916,000000,19.7703,20.0894,19.1763,19.4502,18139.677719709,0
BBT,D,20200917,000000,19.4502,19.4502,18.7194,19.131,15415.645310814,0
BBT,D,20200918,000000,18.8572,19.5418,18.7657,19.268,10506.982148595,0
BBT,D,20200921,000000,19.4502,19.9526,18.9942,19.4049,24080.66268768,0
BBT,D,20200922,000000,19.6787,20.6833,19.6787,19.9979,22088.443747366,0
BBT,D,20200923,000000,20.3633,20.4549,18.4002,18.7194,79149.355957024,0
BBT,D,20200924,000000,18.3549,18.6287,16.711,17.8063,32949.982495214,0
BBT,D,20200925,000000,18.1717,18.2633,17.8063,18.0811,7600.2666138654,0
BBT,D,20200928,000000,18.2448,18.5825,17.8249,17.8249,25803.721282831,0
BBT,D,20200929,000000,18.2088,18.2088,17.2401,18.0811,19326.577555013,0
BBT,D,20200930,000000,18.0811,18.2448,17.4418,18.2448,9648.6957467448,0
BBT,D,20201001,000000,17.9895,17.9895,17.5325,17.5325,7404.6119051313,0
BBT,D,20201002,000000,17.4234,17.7156,17.3688,17.7156,6191.768904028,0
BBT,D,20201005,000000,17.7156,17.7156,17.4594,17.6972,6900.882102534,0
BBT,D,20201006,000000,17.8063,17.9524,17.3502,17.5325,10567.516202126,0
BBT,D,20201007,000000,18.1171,19.1763,18.1171,18.5372,98921.291191587,0
BBT,D,20201008,000000,19.1763,19.3586,18.7194,18.7194,52806.233018623,0
BBT,D,20201009,000000,18.811,18.811,18.0811,18.5825,20012.990483446,0
BBT,D,20201012,000000,19.1763,19.4965,18.9025,19.0848,34494.681825496,0
BBT,D,20201013,000000,19.3133,19.3586,18.5372,19.0395,11259.333956766,0
BBT,D,20201014,000000,19.0395,19.0395,18.3549,18.3549,16412.295263593,0
BBT,D,20201015,000000,18.4455,18.4455,16.6194,17.3502,61270.190860547,0
BBT,D,20201016,000000,17.3502,17.7887,16.9487,17.7887,15509.689286835,0
BBT,D,20201019,000000,17.9895,18.4455,17.7887,18.1717,15705.34399557,0
BBT,D,20201020,000000,18.1717,18.4455,17.5325,17.9524,11752.254106947,0
BBT,D,20201021,000000,17.9524,17.9895,17.4418,17.9895,4518.4347099925,0
BBT,D,20201022,000000,17.8063,18.4455,17.8063,18.3549,8982.8211579038,0
BBT,D,20201023,000000,18.4455,18.6287,18.0811,18.4919,9578.4330060391,0
BBT,D,20201026,000000,18.811,19.6787,18.4919,19.3586,42672.183878388,0
BBT,D,20201027,000000,19.1763,20.0894,19.1763,19.1763,31306.915327944,0
BBT,D,20201028,000000,19.3586,19.3586,17.4234,17.8063,34324.970282561,0
BBT,D,20201029,000000,17.8063,18.4455,17.5325,18.3549,16790.633098161,0
BBT,D,20201030,000000,18.0987,18.4002,17.7517,17.8979,6664.1507146181,0
BBT,D,20201102,000000,18.2633,18.7194,17.8249,18.3549,7034.9217924955,0
BBT,D,20201103,000000,18.6287,18.7194,18.2633,18.5825,5405.9071733666,0
BBT,D,20201104,000000,18.2633,19.1763,18.2633,18.9479,8627.1835934091,0
BBT,D,20201105,000000,18.674,18.9025,17.8063,18.7194,26028.562053088,0
BBT,D,20201106,000000,18.7194,18.7194,18.2633,18.3549,8133.1824779865,0
BBT,D,20201109,000000,18.2633,18.2633,17.5325,17.9895,42766.22785441,0
BBT,D,20201110,000000,17.9895,17.9895,17.167,17.6241,34935.715644078,0
BBT,D,20201112,000000,17.5325,17.6602,17.2587,17.6241,18943.915859479,0
BBT,D,20201113,000000,17.9524,17.9524,17.3502,17.7517,7805.6500097741,0
BBT,D,20201116,000000,17.7332,17.7332,17.3502,17.5325,16497.691517681,0
BBT,D,20201117,000000,17.4418,17.4418,17.167,17.3133,19061.741070816,0
BBT,D,20201118,000000,17.3317,17.5325,17.1125,17.4779,16107.463065454,0
BBT,D,20201119,000000,17.5695,17.6241,17.167,17.6241,8990.3879145951,0
BBT,D,20201120,000000,17.6241,17.8433,17.2401,17.3502,25902.089119819,0
BBT,D,20201123,000000,17.4594,17.4594,16.6194,17.0764,56681.493409848,0
BBT,D,20201124,000000,17.131,17.2957,17.0764,17.0764,16349.599279578,0
BBT,D,20201125,000000,17.0764,17.0764,16.6379,16.7295,20589.144957231,0
BBT,D,20201126,000000,16.9663,16.9663,15.9987,16.3641,20704.808238086,0
BBT,D,20201127,000000,16.3641,16.4371,16.1263,16.327,6699.8225675918,0
BBT,D,20201130,000000,16.0348,16.0348,15.4325,15.5056,32731.627516405,0
BBT,D,20201201,000000,15.5056,16.4187,15.0125,16.1633,29957.870706396,0
BBT,D,20201202,000000,16.327,16.327,15.8886,15.9441,5338.8873283859,0
BBT,D,20201203,000000,15.9441,16.4371,15.9441,16.3456,7286.7866937941,0
BBT,D,20201204,000000,16.4371,16.4371,15.5416,16.3456,3144.5278878871,0
BBT,D,20201207,000000,15.3955,15.8886,15.1587,15.7063,50563.230142251,0
BBT,D,20201208,000000,15.7063,15.7063,15.2132,15.5416,5546.4326547779,0
BBT,D,20201209,000000,15.7063,15.7063,15.3955,15.6147,12255.983909544,0
BBT,D,20201210,000000,15.4325,15.6517,15.3409,15.5602,9287.653356042,0
BBT,D,20201211,000000,15.5971,15.6703,15.1217,15.3409,14100.110611757,0
BBT,D,20201214,000000,15.3409,15.5056,13.9717,14.4824,32052.781344665,0
BBT,D,20201215,000000,14.611,14.8848,14.4824,14.7933,10983.687820152,0
BBT,D,20201216,000000,14.7933,15.451,14.7933,15.4325,10817.219172941,0
BBT,D,20201217,000000,15.6147,16.3095,15.6147,16.3095,19030.393078808,0
BBT,D,20201218,000000,16.291,16.291,15.2318,15.9617,8540.7063740791,0
BBT,D,20201221,000000,15.9441,15.9441,14.7933,14.7933,8796.8951363443,0
BBT,D,20201222,000000,14.8117,15.5241,14.8117,14.9755,7701.8773465781,0
BBT,D,20201223,000000,15.1587,15.2502,14.7933,15.1587,13447.207605815,0
BBT,D,20201228,000000,14.8117,15.0671,14.7016,15.031,67826.245051002,0
BBT,D,20201229,000000,15.0671,15.9802,15.0671,15.8886,17586.223515997,0
BBT,D,20201230,000000,15.8886,15.8886,15.5241,15.5241,13760.687525886,0
BBT,D,20210104,000000,16.5278,16.5278,15.7063,15.7063,11285.277122565,0
BBT,D,20210105,000000,16.2179,16.8932,16.2179,16.8026,23475.32215237,0
BBT,D,20210107,000000,17.0209,17.7702,17.0209,17.5509,30110.286805464,0
BBT,D,20210108,000000,17.5325,17.6241,17.1125,17.3863,9935.1515357754,0
BBT,D,20210111,000000,17.4964,17.7156,17.2587,17.3502,8298.5701599551,0
BBT,D,20210112,000000,17.6241,17.7156,16.6564,16.7655,7944.0135607021,0
BBT,D,20210113,000000,16.711,17.0033,16.711,16.7295,3608.2619765443,0
BBT,D,20210114,000000,16.7841,16.7841,16.254,16.3826,6863.0483190771,0
BBT,D,20210115,000000,16.1633,16.6379,16.0172,16.6009,6882.5056934264,0
BBT,D,20210118,000000,16.8756,17.5325,16.6194,16.8932,16562.549432178,0
BBT,D,20210119,000000,17.0764,17.3502,16.711,16.8202,6509.5726850658,0
BBT,D,20210120,000000,16.8932,16.9118,16.711,16.8932,6325.8085939895,0
BBT,D,20210121,000000,16.7471,17.0764,16.7471,16.8756,2362.9900181923,0
BBT,D,20210122,000000,17.1125,17.1125,16.7295,16.8026,1946.8184001666,0
BBT,D,20210125,000000,16.2725,16.7841,16.2725,16.4371,4393.042741964,0
BBT,D,20210126,000000,16.3456,16.3456,14.8117,15.9802,14773.551957289,0
BBT,D,20210127,000000,16.2364,16.674,15.9987,15.9987,13734.744360087,0
BBT,D,20210128,000000,15.7979,16.7841,15.5416,16.4371,15409.159519364,0
BBT,D,20210129,000000,16.4371,16.6194,16.0348,16.6194,4982.1687986496,0
BBT,D,20210201,000000,16.7655,16.7841,16.0902,16.4547,3857.9649473596,0
BBT,D,20210202,000000,16.6564,16.6564,16.254,16.6009,792.34752211113,0
BBT,D,20210203,000000,16.5278,16.6194,16.2725,16.6009,5207.0095689076,0
BBT,D,20210204,000000,16.3641,16.4187,15.6333,15.7063,23820.150064448,0
BBT,D,20210205,000000,15.5602,16.2364,15.5602,15.9617,4826.5098038556,0
BBT,D,20210208,000000,16.2364,16.8026,16.2364,16.5834,23813.664272999,0
BBT,D,20210209,000000,16.6194,17.4418,16.6194,17.4234,35121.641665638,0
BBT,D,20210210,000000,17.4779,17.6972,17.2587,17.4964,25938.841938033,0
BBT,D,20210211,000000,17.4964,17.4964,17.1125,17.2957,6184.2021473366,0
BBT,D,20210212,000000,17.3502,17.4779,17.0394,17.3863,31197.737838539,0
BBT,D,20210215,000000,17.6241,18.0811,17.5325,17.7156,22545.692044572,0
BBT,D,20210216,000000,17.8063,17.8433,17.4418,17.5871,10529.682418669,0
BBT,D,20210217,000000,17.5871,17.7887,17.4418,17.4418,8169.9352962018,0
BBT,D,20210218,000000,17.6972,17.6972,16.9849,17.2587,14762.742304872,0
BBT,D,20210219,000000,17.3502,17.4418,17.0033,17.0033,5575.6187163018,0
BBT,D,20210222,000000,17.2587,17.2957,16.8932,16.8932,7971.0376917428,0
BBT,D,20210223,000000,16.9302,17.1125,15.9802,16.327,17214.371472878,0
BBT,D,20210224,000000,15.9987,16.711,15.9987,16.4187,3761.759040855,0
BBT,D,20210225,000000,16.6194,16.711,16.1078,16.254,4494.6534746768,0
BBT,D,20210226,000000,15.9987,16.3456,15.9987,15.9987,9953.527944883,0
BBT,D,20210301,000000,16.4002,16.4002,15.9987,16.3826,3345.5874228294,0
BBT,D,20210302,000000,16.1078,16.4371,16.0902,16.4371,3142.3659574039,0
BBT,D,20210303,000000,16.4371,16.711,16.0172,16.2725,9607.619067563,0
BBT,D,20210304,000000,16.7471,16.7471,16.1633,16.3456,19120.113193863,0
BBT,D,20210305,000000,16.5278,16.8932,16.254,16.7655,8880.1294599494,0
BBT,D,20210308,000000,16.9302,17.5325,16.9118,17.3502,14890.296203384,0
BBT,D,20210309,000000,17.4418,17.5325,16.9849,17.3502,9176.3139361546,0
BBT,D,20210310,000000,17.3317,17.4234,17.167,17.3502,6333.3753506809,0
BBT,D,20210311,000000,16.9849,17.3502,16.9849,17.0033,3689.3343696661,0
BBT,D,20210312,000000,17.0764,17.167,16.9849,17.1125,2159.7685527668,0
BBT,D,20210315,000000,17.1125,17.1125,16.0718,16.8756,9384.9402277883,0
BBT,D,20210316,000000,16.711,16.711,16.1263,16.4371,8953.6350963799,0
BBT,D,20210317,000000,16.4371,16.8756,14.7933,15.9441,71549.089343159,0
BBT,D,20210318,000000,16.0718,16.8756,15.6703,16.5278,11096.10820528,0
BBT,D,20210319,000000,16.5278,19.7241,16.0172,19.7241,130547.09126581,0
BBT,D,20210322,000000,20.2727,20.4549,18.4919,19.1763,105401.67781513,0
BBT,D,20210323,000000,18.7657,19.0848,18.1717,18.5825,16390.67595876,0
BBT,D,20210324,000000,18.3086,18.3549,17.4594,17.8063,16766.851862846,0
BBT,D,20210325,000000,17.8063,17.8063,17.1856,17.6602,7551.6231779923,0
BBT,D,20210326,000000,17.4418,18.6287,17.3863,18.6287,11239.876582417,0
BBT,D,20210329,000000,18.7194,20.181,18.7194,19.7241,68771.008672183,0
BBT,D,20210330,000000,19.5871,20.5465,18.9025,18.9942,67211.175828517,0
BBT,D,20210331,000000,19.8156,19.9072,19.0848,19.9072,10877.753226473,0
BBT,D,20210401,000000,19.6334,20.5465,19.3133,19.9979,27570.018487645,0
BBT,D,20210406,000000,21.3226,22.3726,21.0025,22.0072,119394.77286796,0
BBT,D,20210407,000000,22.1441,23.1487,22.0525,23.0119,69273.657509538,0
BBT,D,20210408,000000,23.0572,23.0572,22.0072,22.738,32209.5213047,0
BBT,D,20210409,000000,22.738,22.738,22.1441,22.5548,11688.477157691,0
BBT,D,20210412,000000,22.8287,22.9202,22.281,22.6464,22119.791739373,0
BBT,D,20210413,000000,22.738,24.838,22.6464,24.838,77594.927939568,0
BBT,D,20210414,000000,24.6557,24.9749,24.0165,24.6557,26231.783518514,0
BBT,D,20210415,000000,24.4726,24.6557,23.9249,24.4273,10651.831490973,0
BBT,D,20210416,000000,24.1071,24.6557,24.1071,24.3356,7845.6457237143,0
BBT,D,20210419,000000,24.5641,25.9343,23.6965,23.6965,55060.045547411,0
BBT,D,20210420,000000,23.7427,24.3809,22.281,23.7427,34078.510207469,0
BBT,D,20210421,000000,23.5142,24.4726,22.5548,23.5142,24777.885268529,0
BBT,D,20210422,000000,23.5595,24.6557,23.3772,24.1988,11064.760213273,0
BBT,D,20210423,000000,24.5641,24.9296,23.4226,24.1071,30139.472866989,0
BBT,D,20210426,000000,24.838,26.8473,24.7464,26.8473,47204.671136522,0
BBT,D,20210427,000000,26.8473,26.938,25.6141,26.4819,11501.47017089,0
BBT,D,20210428,000000,26.6642,27.0295,26.2081,26.4819,11886.293796908,0
BBT,D,20210429,000000,26.4819,26.7104,26.0249,26.345,8141.8301999195,0
BBT,D,20210430,000000,26.4819,27.7604,26.1164,26.8473,19815.173844228,0
BBT,D,20210504,000000,28.0342,29.9973,27.851,29.7687,65151.937043222,0
BBT,D,20210505,000000,29.815,29.815,28.3997,29.0389,12387.861669023,0
BBT,D,20210506,000000,27.1211,27.1211,23.1941,24.1071,109113.71245487,0
BBT,D,20210507,000000,24.1071,25.0202,22.8287,24.7927,41152.346748664,0
BBT,D,20210510,000000,24.1988,24.3809,22.0072,22.0072,87943.008197643,0
BBT,D,20210511,000000,22.1895,22.3726,21.1857,21.9155,26020.995296397,0
BBT,D,20210512,000000,21.9155,22.3726,21.4132,21.4132,12824.571626639,0
BBT,D,20210513,000000,21.4132,22.5548,20.5465,22.281,29027.159633356,0
BBT,D,20210514,000000,22.8749,22.8749,21.6417,21.9619,18773.123351301,0
BBT,D,20210517,000000,22.0525,22.9202,21.9155,22.0988,12566.22093389,0
BBT,D,20210518,000000,21.9155,22.3726,21.4596,21.9155,14635.188406361,0
BBT,D,20210519,000000,21.5049,22.4179,21.0025,21.9155,17266.257804476,0
BBT,D,20210520,000000,21.9155,22.9656,21.8702,22.9656,15359.43511825,0
BBT,D,20210521,000000,23.1487,24.838,22.4642,24.4273,49114.736718473,0
BBT,D,20210524,000000,24.6557,24.6557,24.0165,24.3809,10056.219642837,0
BBT,D,20210525,000000,24.3809,24.7464,24.1071,24.1988,9346.0254790898,0
BBT,D,20210526,000000,24.1988,24.6095,24.0165,24.6095,2906.7155347296,0
BBT,D,20210527,000000,24.3809,24.3809,22.3726,23.1034,37196.013964316,0
BBT,D,20210528,000000,23.1487,23.4679,22.4179,22.738,16390.67595876,0
BBT,D,20210531,000000,22.8287,24.1071,22.8287,23.7427,12477.581784078,0
BBT,D,20210601,000000,24.1071,25.1118,23.7427,24.4273,16063.143490548,0
BBT,D,20210602,000000,24.838,24.9749,24.4273,24.6557,9067.1364467505,0
BBT,D,20210604,000000,24.6095,24.6095,23.0119,24.0165,11541.46588483,0
BBT,D,20210607,000000,26.4819,27.1211,25.2034,25.5226,86402.632728328,0
BBT,D,20210608,000000,25.5688,25.5688,24.7011,25.2034,8665.017376866,0
BBT,D,20210609,000000,25.2487,26.3903,25.158,26.0249,23359.658871516,0
BBT,D,20210610,000000,26.0249,26.3903,25.3856,25.3856,8255.3315502901,0
BBT,D,20210611,000000,25.4773,25.9343,25.1118,25.3856,5592.9141601678,0
BBT,D,20210614,000000,25.295,25.295,23.9249,24.3809,14742.203965282,0
BBT,D,20210615,000000,24.8833,24.8833,23.1487,23.651,12561.897072924,0
BBT,D,20210616,000000,23.9703,24.1071,23.4226,23.651,5529.1372109119,0
BBT,D,20210617,000000,23.4226,23.8796,23.0119,23.6965,4750.8422369419,0
BBT,D,20210618,000000,23.7427,24.0165,23.3772,23.4679,3815.8073029363,0
BBT,D,20210621,000000,23.9249,23.9249,23.1034,23.5595,7125.722872792,0
BBT,D,20210622,000000,23.0119,23.6965,23.0119,23.3772,11106.917857696,0
BBT,D,20210623,000000,23.3772,23.6048,23.1487,23.331,2465.6817161466,0
BBT,D,20210624,000000,23.0572,24.1071,23.0119,23.1034,6405.8000218698,0
BBT,D,20210625,000000,23.1941,23.4226,22.9656,23.331,2972.6544144688,0
BBT,D,20210628,000000,23.2404,23.2404,21.9619,22.4179,26283.669850111,0
BBT,D,20210629,000000,22.4642,22.6011,22.0072,22.1441,11611.728625536,0
BBT,D,20210630,000000,22.6011,22.6464,22.1441,22.6011,3135.8801659541,0
BBT,D,20210701,000000,21.9155,22.5095,21.4596,22.1441,8655.2886896914,0
BBT,D,20210702,000000,22.0988,22.3273,22.0072,22.0072,3220.1954548009,0
BBT,D,20210705,000000,22.1895,22.1895,21.3679,21.5964,19840.036044786,0
BBT,D,20210706,000000,21.5964,21.7334,21.4132,21.5964,5354.0208417686,0
BBT,D,20210707,000000,21.688,22.5548,21.5049,22.4179,9202.2571019536,0
BBT,D,20210708,000000,22.3726,22.6464,22.0988,22.1895,4475.1961003275,0
BBT,D,20210709,000000,22.3273,22.3273,21.8249,21.8249,6632.802722611,0
BBT,D,20210712,000000,21.9155,22.1895,21.8249,21.8249,3557.4566101879,0
BBT,D,20210713,000000,21.9155,21.9155,21.4596,21.8249,2908.8774652129,0
BBT,D,20210714,000000,21.5964,21.7787,21.0025,21.688,8246.6838283571,0
BBT,D,20210715,000000,21.3679,21.688,21.2764,21.4132,2124.0966997931,0
BBT,D,20210716,000000,21.3679,21.6417,21.1394,21.3679,4158.4732845314,0
BBT,D,20210719,000000,21.3226,21.3226,19.6334,20.774,21934.946683055,0
BBT,D,20210720,000000,20.7287,20.7287,19.9526,20.2727,12865.648305821,0
BBT,D,20210721,000000,20.4549,21.0488,20.0894,20.2264,16410.133333109,0
BBT,D,20210722,000000,20.2727,20.5465,20.2727,20.318,1436.6028061196,0
BBT,D,20210723,000000,20.318,21.0025,20.0894,21.0025,16091.248586829,0
BBT,D,20210726,000000,20.5465,21.3226,20.5465,21.0025,7189.4998220479,0
BBT,D,20210727,000000,21.5502,22.0072,21.2764,22.0072,7005.7357309716,0
BBT,D,20210728,000000,21.9619,22.1441,21.4596,22.1441,4461.1435521864,0
BBT,D,20210729,000000,21.9155,21.9155,20.8203,21.4596,10571.840063093,0
BBT,D,20210730,000000,21.4596,21.4596,20.2727,21.0025,10563.19234116,0
BBT,D,20210802,000000,20.7287,21.0025,20.7287,20.9572,4622.2073731885,0
BBT,D,20210803,000000,20.9572,21.0025,20.7287,20.8656,1554.4280174568,0
BBT,D,20210804,000000,21.0941,21.0941,20.6833,20.8656,7547.2993170258,0
BBT,D,20210805,000000,21.0025,21.9619,20.8203,21.9619,6706.3083590415,0
BBT,D,20210806,000000,21.8249,21.8702,20.6371,21.0025,26717.136912003,0
BBT,D,20210809,000000,21.2764,21.7334,20.318,21.0488,21877.655525248,0
BBT,D,20210810,000000,21.0488,21.9155,21.0488,21.5502,9725.4442789001,0
BBT,D,20210811,000000,21.5502,21.5502,21.0025,21.3226,3656.9054124174,0
BBT,D,20210812,000000,22.0988,22.0988,21.0488,21.7334,9363.3209229558,0
BBT,D,20210813,000000,21.688,21.7334,20.5465,21.1857,5099.9940099868,0
BBT,D,20210816,000000,21.2764,21.4596,19.1763,20.3633,36672.826787369,0
BBT,D,20210817,000000,20.2264,20.4549,19.7241,20.3633,12599.730856381,0
BBT,D,20210818,000000,20.318,20.4549,19.9072,20.4095,6722.5228376659,0
BBT,D,20210819,000000,20.0894,20.4549,19.4502,19.8609,7742.9540257599,0
BBT,D,20210820,000000,19.6334,20.318,19.6334,19.9979,4099.020196242,0
BBT,D,20210823,000000,19.9526,20.3633,19.9526,20.0894,5548.5945852611,0
BBT,D,20210824,000000,19.9979,20.8203,19.9979,20.6371,2272.1889378958,0
BBT,D,20210825,000000,20.6371,20.8656,20.0894,20.8656,5122.6942800609,0
BBT,D,20210826,000000,20.8203,21.5049,20.6371,20.9572,16815.495298718,0
BBT,D,20210827,000000,20.774,21.1857,20.7287,20.8203,2308.941756111,0
BBT,D,20210830,000000,20.8203,21.1394,19.9526,20.0441,11463.636387433,0
BBT,D,20210831,000000,20.0894,20.4095,19.9526,20.4095,3571.509158329,0
BBT,D,20210901,000000,20.0894,20.774,19.9526,20.6371,8296.4082294719,0
BBT,D,20210902,000000,20.2727,20.5918,20.181,20.3633,5459.9554354479,0
BBT,D,20210903,000000,20.318,20.5465,20.1347,20.5465,4117.3966053496,0
BBT,D,20210906,000000,20.8203,21.0025,20.3633,20.6371,6852.2386666609,0
BBT,D,20210907,000000,20.4549,20.7287,19.9979,20.4549,6885.7485891513,0
BBT,D,20210908,000000,20.6371,20.6371,19.9979,20.5918,4197.3880332299,0
BBT,D,20210909,000000,20.3633,20.5918,20.0894,20.4549,1185.8188700626,0
BBT,D,20210910,000000,20.4549,20.4549,19.6334,20.0894,7670.529354571,0
BBT,D,20210913,000000,19.9979,20.2727,19.9526,19.9979,15072.979329219,0
BBT,D,20210914,000000,20.2727,20.2727,19.9526,20.0894,3435.3075378843,0
BBT,D,20210915,000000,20.2727,20.5002,19.9979,20.0894,2487.3010209791,0
BBT,D,20210916,000000,20.4095,20.4095,19.8609,20.181,3499.0844871401,0
BBT,D,20210917,000000,20.0894,20.5465,20.0894,20.5002,4735.7087235591,0
BBT,D,20210920,000000,20.1347,20.4095,19.5871,19.7241,10971.797202494,0
BBT,D,20210921,000000,19.7241,20.181,19.3586,19.9979,3407.202441602,0
BBT,D,20210922,000000,19.7703,20.1347,19.3586,19.8609,17106.274948715,0
BBT,D,20210923,000000,19.8156,20.2727,19.8156,20.181,11382.563994311,0
BBT,D,20210924,000000,20.0894,20.4095,18.2633,18.3549,129143.99838218,0
BBT,D,20210927,000000,18.2633,18.2633,17.6426,18.2633,19939.484847014,0
BBT,D,20210928,000000,18.0811,18.811,18.0811,18.1717,9154.6946313221,0
BBT,D,20210929,000000,18.0811,18.674,18.0441,18.4919,8368.8329006608,0
BBT,D,20210930,000000,18.2633,18.2633,17.7156,18.0811,10740.470640786,0
BBT,D,20211001,000000,18.1717,18.2263,17.9895,18.1717,22835.390729328,0
BBT,D,20211004,000000,18.5825,18.6287,17.9895,18.0625,31523.108376269,0
BBT,D,20211005,000000,18.1717,18.5372,18.0625,18.0625,29553.589706028,0
BBT,D,20211006,000000,18.2633,18.5825,17.9895,18.0811,26917.115481704,0
BBT,D,20211007,000000,18.2633,18.4455,17.9524,18.3549,6204.7404869275,0
BBT,D,20211008,000000,18.2633,18.3549,17.7156,17.8063,25526.994180974,0
BBT,D,20211011,000000,17.9164,18.5372,17.9164,18.5372,11176.099633161,0
BBT,D,20211012,000000,18.4455,18.5372,18.2088,18.5372,6665.2316798598,0
BBT,D,20211013,000000,18.4919,18.4919,18.1717,18.2633,4761.6518893581,0
BBT,D,20211014,000000,18.4919,18.5372,17.8249,18.2263,3916.3370704074,0
BBT,D,20211015,000000,18.2263,18.4002,18.0811,18.2633,5591.8331949261,0
BBT,D,20211018,000000,18.1717,18.1717,17.5325,17.8063,11532.818162897,0
BBT,D,20211019,000000,17.6426,17.7156,16.8202,17.2587,18378.571038108,0
BBT,D,20211020,000000,17.167,17.2587,16.6194,16.7471,23026.721577096,0
BBT,D,20211021,000000,17.2587,17.3317,16.8202,17.3317,5329.1586412113,0
BBT,D,20211022,000000,17.3502,17.7887,17.3502,17.7887,6483.6295192668,0
BBT,D,20211025,000000,17.7887,17.7887,16.9849,17.3502,15626.433532931,0
BBT,D,20211026,000000,17.2587,17.3317,16.8202,17.2587,2537.0254220939,0
BBT,D,20211027,000000,17.3317,17.3317,15.7063,17.0579,13754.201734437,0
BBT,D,20211028,000000,16.9849,17.0579,16.7295,17.0394,3438.5504336091,0
BBT,D,20211029,000000,16.9663,17.0764,16.8026,16.9849,6918.1775464,0
BBT,D,20211102,000000,17.2994,17.5769,17.2438,17.3919,4122.8014315578,0
BBT,D,20211103,000000,17.5213,17.947,17.5213,17.947,3769.3257975464,0
BBT,D,20211104,000000,17.5769,17.8359,17.5769,17.7249,3416.9311287766,0
BBT,D,20211105,000000,18.095,18.3725,17.3919,17.7804,12170.587655456,0
BBT,D,20211108,000000,17.5954,17.6139,17.1143,17.5584,6253.3839228006,0
BBT,D,20211109,000000,17.5584,17.5584,17.0218,17.1143,3381.259275803,0
BBT,D,20211110,000000,17.0218,17.1143,16.4667,16.4667,7358.1303997414,0
BBT,D,20211112,000000,16.6517,16.9849,16.5037,16.7813,6834.9432227949,0
BBT,D,20211115,000000,16.7813,16.7813,16.0412,16.1153,15327.006161001,0
BBT,D,20211116,000000,16.5408,16.5408,15.8562,16.1892,4903.258336011,0
BBT,D,20211117,000000,16.1892,16.1892,15.8192,15.8192,4754.0851326668,0
BBT,D,20211118,000000,15.0421,15.7267,14.8016,15.4121,13111.02741567,0
BBT,D,20211119,000000,15.6712,16.1892,15.2641,15.6527,11016.1167774,0
BBT,D,20211122,000000,16.2448,16.2448,15.1716,15.1716,9758.9542013905,0
BBT,D,20211123,000000,15.7267,15.7637,14.8016,15.6896,17340.844406148,0
BBT,D,20211124,000000,15.7082,15.7267,15.0236,15.3752,4716.2513492099,0
BBT,D,20211125,000000,15.5602,16.1337,15.2086,15.2086,13929.318103579,0
BBT,D,20211126,000000,15.0051,15.4862,14.6351,14.9496,27463.002928724,0
BBT,D,20211129,000000,15.2457,15.2457,14.6536,14.9866,3512.0560700396,0
BBT,D,20211130,000000,14.8386,15.1531,14.8201,15.1346,4999.4642425156,0
BBT,D,20211201,000000,15.1161,15.6157,15.1161,15.5787,5858.8316096075,0
BBT,D,20211202,000000,15.5971,16.3373,15.4121,16.0042,14944.344465465,0
BBT,D,20211203,000000,16.0412,16.4667,15.6341,16.4667,11798.735612336,0
BBT,D,20211206,000000,16.6517,17.0033,16.4667,16.6517,11616.052486502,0
BBT,D,20211207,000000,16.6517,16.7443,16.5223,16.5223,3763.9209713383,0
BBT,D,20211208,000000,16.7443,16.7443,16.0227,16.3373,2859.1530640981,0
BBT,D,20211209,000000,16.1707,16.4298,16.1707,16.4298,2660.2554596391,0
BBT,D,20211210,000000,16.2078,16.2078,15.9117,16.2078,3073.1841819399,0
BBT,D,20211213,000000,16.2078,16.2078,15.6341,15.7082,7964.551900293,0
BBT,D,20211214,000000,15.9673,15.9673,15.2641,15.2641,15337.815813417,0
BBT,D,20211215,000000,15.7452,16.3558,15.7452,15.9673,17042.497999459,0
BBT,D,20211216,000000,15.6712,16.0967,15.6712,16.0967,4466.5483783945,0
BBT,D,20211217,000000,16.0967,16.1892,15.8747,16.1153,3478.5461475493,0
BBT,D,20211220,000000,15.9302,16.0967,15.6341,15.9117,10653.993421456,0
BBT,D,20211221,000000,15.7267,15.9673,15.6341,15.9673,9985.9569021318,0
BBT,D,20211222,000000,16.0967,16.6888,15.8192,16.6517,27315.991655864,0
BBT,D,20211223,000000,16.6703,17.8545,16.6703,17.6879,47714.886730569,0
BBT,D,20211227,000000,17.6879,17.8545,17.1143,17.5399,16791.714063403,0
BBT,D,20211228,000000,17.3919,18.2245,17.2624,17.8545,24450.352800316,0
BBT,D,20211229,000000,18.2245,18.7795,17.6879,18.502,17567.84710689,0
BBT,D,20211230,000000,18.8257,18.872,18.4095,18.7332,21995.480736585,0
BBT,D,20220103,000000,18.687,19.4271,18.2245,18.687,16337.708661921,0
BBT,D,20220104,000000,19.3346,19.3346,18.3539,18.8257,17293.281935517,0
BBT,D,20220105,000000,18.8257,18.8257,18.317,18.7332,7418.6644532724,0
BBT,D,20220107,000000,18.7332,19.1958,18.687,18.687,4835.1575257886,0
BBT,D,20220110,000000,18.8257,18.8257,18.0764,18.317,9433.5836636614,0
BBT,D,20220111,000000,18.317,18.687,17.8914,18.687,12613.783404522,0
BBT,D,20220112,000000,18.502,19.1496,18.2984,18.9183,12054.924374602,0
BBT,D,20220113,000000,18.9646,18.9646,18.2614,18.687,4788.6760203988,0
BBT,D,20220114,000000,18.502,18.502,18.2614,18.4835,3153.1756098201,0
BBT,D,20220117,000000,18.502,18.502,18.2984,18.502,2507.83936057,0
BBT,D,20220118,000000,18.3355,18.872,18.2245,18.4095,4523.8395362006,0
BBT,D,20220119,000000,18.132,18.502,18.0395,18.502,5719.3870934379,0
BBT,D,20220120,000000,18.7795,18.7795,17.7249,18.2245,8476.9294248233,0
BBT,D,20220121,000000,17.9654,18.2614,16.8368,18.0024,20244.317045153,0
BBT,D,20220124,000000,18.0024,18.0024,16.2817,17.3919,13973.637678486,0
BBT,D,20220125,000000,16.6517,17.2994,16.6517,17.0958,5517.246593254,0
BBT,D,20220126,000000,17.0958,17.2069,16.8368,17.2069,4829.7526995805,0
BBT,D,20220127,000000,17.2254,17.2994,17.0403,17.0403,5368.0733899098,0
BBT,D,20220128,000000,17.0403,17.0403,16.2817,16.3003,4253.5982257944,0
BBT,D,20220131,000000,16.6517,17.2438,16.6517,16.8368,2947.7922139114,0
BBT,D,20220201,000000,16.4667,17.0033,16.4667,17.0033,9171.9900751881,0
BBT,D,20220202,000000,16.5408,17.0033,16.5408,17.0033,4569.2400763489,0
BBT,D,20220203,000000,16.6888,16.9663,16.4667,16.9293,9324.4061742573,0
BBT,D,20220204,000000,16.9293,17.2069,16.7443,16.7443,2439.7385503476,0
BBT,D,20220207,000000,17.0958,17.2069,16.6148,17.0218,3979.0330544216,0
BBT,D,20220208,000000,16.8368,17.1699,16.4667,16.4667,3634.2051423433,0
BBT,D,20220209,000000,16.7443,17.0218,16.6517,16.6517,1940.3326087169,0
BBT,D,20220210,000000,16.6703,16.8368,16.5963,16.8183,1220.4097577946,0
BBT,D,20220211,000000,16.6517,17.0218,16.5408,17.0033,3348.8303185543,0
BBT,D,20220214,000000,16.6703,16.6703,16.1892,16.6148,5422.121651991,0
BBT,D,20220215,000000,16.5592,16.7443,16.2817,16.6703,5833.9694090501,0
BBT,D,20220216,000000,16.7258,16.7443,16.4667,16.6517,1990.0570098316,0
BBT,D,20220217,000000,16.3928,16.6517,16.1892,16.4667,3889.3129393668,0
BBT,D,20220218,000000,16.1892,16.4483,15.7637,16.0967,4881.6390311785,0
BBT,D,20220221,000000,15.8192,15.8192,15.2641,15.8192,10177.287749899,0
BBT,D,20220222,000000,15.3382,15.8192,15.1716,15.8192,3516.3799310061,0
BBT,D,20220223,000000,15.8192,15.8192,15.3936,15.4307,3620.1525942021,0
BBT,D,20220224,000000,14.8016,15.2641,13.4139,14.524,31199.899769023,0
BBT,D,20220225,000000,13.6174,16.1337,13.6174,16.1337,8995.7927408033,0
BBT,D,20220228,000000,15.6341,16.2817,15.6341,15.9117,5368.0733899098,0
BBT,D,20220301,000000,15.8932,16.2632,14.8571,15.8192,13077.517493179,0
BBT,D,20220302,000000,15.3196,15.8747,15.3196,15.5416,4549.7827019996,0
BBT,D,20220303,000000,15.3566,15.5416,14.8201,15.0791,3755.2732494053,0
BBT,D,20220304,000000,14.8386,15.3566,14.8016,15.3566,3906.6083832328,0
BBT,D,20220307,000000,14.9496,15.1716,12.2298,13.8765,37310.596279928,0
BBT,D,20220308,000000,14.117,14.5426,13.2289,14.1725,2171.6591704246,0
BBT,D,20220309,000000,13.747,14.524,13.747,14.524,2773.7568100098,0
BBT,D,20220310,000000,14.8016,14.8016,13.8949,14.6166,2513.2441867781,0
BBT,D,20220311,000000,14.2465,14.5426,13.5065,14.5426,19343.872998879,0
BBT,D,20220314,000000,14.524,14.524,13.8395,13.969,12784.575912699,0
BBT,D,20220315,000000,13.969,14.3206,13.8765,14.0985,4001.7333244958,0
BBT,D,20220316,000000,13.9875,14.302,13.8765,14.2835,10805.328555283,0
BBT,D,20220317,000000,14.2835,14.2835,13.858,14.0615,14203.883274953,0
BBT,D,20220318,000000,14.1725,14.1725,13.6915,13.821,8722.3085346721,0
BBT,D,20220321,000000,13.784,14.0615,13.6915,13.8765,4300.0797311843,0
BBT,D,20220322,000000,13.7285,13.858,13.599,13.784,5338.8873283859,0
BBT,D,20220323,000000,13.8765,14.0615,13.599,13.6544,3966.0614715221,0
BBT,D,20220324,000000,13.9505,14.043,13.784,13.969,4500.0583008849,0
BBT,D,20220325,000000,14.0985,14.154,13.969,13.969,1714.4108732173,0
BBT,D,20220328,000000,13.969,14.1725,13.969,14.0245,960.97809980463,0
BBT,D,20220329,000000,14.2465,14.2465,14.08,14.2465,1413.9025360455,0
BBT,D,20220330,000000,14.2835,14.2835,14.117,14.2281,1203.1143139286,0
BBT,D,20220331,000000,14.2835,14.2835,14.043,14.043,2206.2500581566,0
BBT,D,20220401,000000,14.043,14.043,13.7099,13.8024,1702.5202555594,0
BBT,D,20220404,000000,13.8024,14.2281,13.3214,13.9505,4660.0411566454,0
BBT,D,20220405,000000,13.8765,14.5795,13.8765,14.339,7496.4939506694,0
BBT,D,20220406,000000,14.339,14.339,13.6915,13.932,5005.9500339654,0
BBT,D,20220407,000000,13.8765,13.8765,13.7099,13.8765,936.11589924725,0
BBT,D,20220408,000000,13.7099,13.858,13.5619,13.858,1497.1368596506,0
BBT,D,20220411,000000,13.6174,13.6174,13.599,13.6174,1190.1427310291,0
BBT,D,20220412,000000,13.488,13.784,13.4324,13.4324,1340.396899615,0
BBT,D,20220413,000000,13.4324,13.4324,13.1364,13.4139,4053.6196560938,0
BBT,D,20220414,000000,13.4324,14.154,13.4324,14.154,1896.0130338103,0
BBT,D,20220419,000000,14.339,14.339,13.5249,14.0615,644.2552840085,0
BBT,D,20220420,000000,13.8765,13.8765,13.6174,13.7099,999.89284850313,0
BBT,D,20220421,000000,13.784,14.117,13.6915,13.7655,1144.7421908809,0
BBT,D,20220422,000000,13.6915,13.6915,13.5249,13.5249,992.32609181175,0
BBT,D,20220425,000000,13.8765,13.8765,13.784,13.8024,1431.1979799115,0
BBT,D,20220426,000000,13.8024,13.969,13.6174,13.8765,3011.5691631673,0
BBT,D,20220427,000000,13.858,13.858,13.5249,13.821,3080.7509386313,0
BBT,D,20220428,000000,13.858,13.8949,13.8395,13.858,9791.3831586393,0
BBT,D,20220429,000000,13.9135,13.9135,13.0253,13.673,2972.6544144688,0
BBT,D,20220502,000000,13.673,13.9135,13.673,13.9135,1778.1878224731,0
BBT,D,20220504,000000,13.9135,14.154,13.6915,14.154,5538.8658980865,0
BBT,D,20220505,000000,14.154,14.154,13.8765,13.9505,1780.3497529564,0
BBT,D,20220506,000000,13.9505,14.0615,13.5065,13.6915,2352.180365776,0
BBT,D,20220509,000000,13.8395,14.0985,13.5619,13.8395,950.16844738838,0
BBT,D,20220510,000000,13.8395,13.8395,13.451,13.7655,813.96682694363,0
BBT,D,20220511,000000,13.821,13.858,13.5065,13.8395,1316.6156642993,0
BBT,D,20220512,000000,13.8395,13.8395,13.4139,13.4324,2902.3916737631,0
BBT,D,20220513,000000,13.4324,13.6915,13.4324,13.6915,1627.9336538873,0
BBT,D,20220516,000000,13.6915,13.784,13.6915,13.7655,2120.8538040683,0
BBT,D,20220517,000000,13.7655,13.784,13.7285,13.7655,1593.3427661553,0
BBT,D,20220518,000000,13.7655,13.784,13.599,13.7655,3096.9654172556,0
BBT,D,20220519,000000,13.599,13.6915,13.3399,13.6915,1879.7985551859,0
BBT,D,20220520,000000,13.6915,13.7285,13.3399,13.7285,727.48960761363,0
BBT,D,20220523,000000,13.747,13.747,13.5249,13.599,967.46389125438,0
BBT,D,20220524,000000,13.5065,13.6915,13.4139,13.6174,1405.2548141125,0
BBT,D,20220525,000000,13.4139,13.4139,13.2105,13.3214,1906.8226862265,0
BBT,D,20220526,000000,13.5619,13.5619,13.3214,13.5249,755.59470389588,0
BBT,D,20220527,000000,13.4139,13.4139,13.1734,13.2289,2203.0071624318,0
BBT,D,20220530,000000,13.3955,13.3955,13.2844,13.3955,2804.0238367753,0
BBT,D,20220531,000000,13.3955,13.5249,13.2289,13.2289,1853.8553893869,0
BBT,D,20220601,000000,12.7294,13.2289,12.7294,12.9514,5860.9935400908,0
BBT,D,20220602,000000,12.7664,12.7848,12.3963,12.7664,4092.5344047923,0
BBT,D,20220603,000000,12.4703,12.4889,11.3417,12.0448,12474.338888353,0
BBT,D,20220606,000000,12.2113,12.7478,11.9338,12.2113,5339.9682936275,0
BBT,D,20220607,000000,12.2113,12.2484,11.6933,12.0078,6573.3496343216,0
BBT,D,20220608,000000,11.7302,12.0078,11.6193,11.6563,2519.7299782279,0
BBT,D,20220609,000000,11.5082,11.8227,11.1937,11.6377,11399.859438177,0
BBT,D,20220610,000000,11.3047,11.4713,11.2862,11.2862,3039.6742594495,0
BBT,D,20220613,000000,11.3047,11.5082,10.2131,11.0827,4961.6304590588,0
BBT,D,20220614,000000,10.6387,11.0827,10.3056,11.0087,3530.4324791473,0
BBT,D,20220615,000000,10.5092,10.9902,10.1391,10.9902,15575.628166575,0
BBT,D,20220617,000000,10.9162,10.9162,10.2686,10.6387,1226.8955492444,0
BBT,D,20220620,000000,10.9717,10.9717,9.62103,9.86159,36940.906167293,0
BBT,D,20220621,000000,9.63953,10.1576,9.45452,9.52852,17061.955373809,0
BBT,D,20220622,000000,9.80601,9.80601,9.21398,9.23248,17157.080315072,0
BBT,D,20220623,000000,9.25099,9.71354,9.15848,9.60253,23835.283577831,0
BBT,D,20220624,000000,9.75883,10.2375,9.28993,10.0421,11706.903553499,0
BBT,D,20220627,000000,10.0617,10.4719,10.0617,10.0617,12302.690355539,0
BBT,D,20220628,000000,10.0421,10.3547,10.0421,10.2961,3218.4771574152,0
BBT,D,20220629,000000,10.3352,10.6282,10.1984,10.6282,7608.0541456456,0
BBT,D,20220630,000000,10.2766,10.5305,10.257,10.2961,4345.5583757085,0
BBT,D,20220701,000000,10.6087,11.6246,10.5696,11.5074,25401.810491126,0
BBT,D,20220704,000000,11.6246,13.5979,11.6246,13.383,30769.010152808,0
BBT,D,20220705,000000,13.2853,13.2853,11.7223,12.0154,23967.622673843,0
BBT,D,20220706,000000,11.9177,12.4647,11.9177,11.9372,6427.7411168607,0
BBT,D,20220707,000000,11.9568,11.9568,11.0385,11.9177,4632.1912014325,0
BBT,D,20220708,000000,11.7223,11.8981,11.5269,11.8005,2780.3384095228,0
BBT,D,20220711,000000,11.8005,11.82,11.5465,11.8005,5686.5905246315,0
BBT,D,20220712,000000,11.6832,11.6832,11.0385,11.4879,4265.7106599711,0
BBT,D,20220713,000000,11.2925,11.4488,10.765,11.312,7350.084602494,0
BBT,D,20220714,000000,11.1362,11.1557,10.765,11.019,1676.8020304854,0
BBT,D,20220715,000000,10.7845,11.0776,10.7845,11.0776,160.7191201381,0
BBT,D,20220718,000000,11.1362,11.4293,10.8236,11.312,9264.382402865,0
BBT,D,20220719,000000,11.1753,11.1753,10.7845,11.058,1785.3130287952,0
BBT,D,20220720,000000,11.0776,11.0971,10.9408,10.9994,3280.9221658765,0
BBT,D,20220721,000000,10.9604,11.0385,10.8627,11.0385,5058.0456853653,0
BBT,D,20220722,000000,11.0776,11.1753,10.8431,11.1362,9731.1844333298,0
BBT,D,20220725,000000,11.058,11.4097,11.058,11.3902,5329.3231811398,0
BBT,D,20220726,000000,11.3902,11.4097,11.1557,11.1557,3054.6869712872,0
BBT,D,20220727,000000,11.1753,11.3316,11.0971,11.0971,3985.2199662269,0
BBT,D,20220728,000000,11.2339,11.6246,11.2339,11.6246,2653.4010152736,0
BBT,D,20220729,000000,11.3316,11.8981,11.3316,11.82,3571.6497462537,0
BBT,D,20220801,000000,11.9177,12.2889,11.8005,12.2889,5204.4331642172,0
BBT,D,20220802,000000,12.2889,12.2889,12.1717,12.2694,1324.6531303102,0
BBT,D,20220803,000000,12.2107,12.9922,12.2107,12.9727,6118.5871405441,0
BBT,D,20220804,000000,13.1876,13.1876,12.6992,12.9922,5772.5803723487,0
BBT,D,20220805,000000,12.9922,12.9922,11.9177,12.5429,6488.1387479954,0
BBT,D,20220808,000000,12.5233,12.875,12.074,12.6992,3049.5685279707,0
BBT,D,20220809,000000,12.6992,12.6992,12.2303,12.4257,1515.059221684,0
BBT,D,20220810,000000,12.4257,12.4257,12.1131,12.4061,2435.3553299907,0
BBT,D,20220811,000000,12.3866,12.7969,12.2107,12.6992,1684.9915397918,0
BBT,D,20220812,000000,12.6992,12.875,12.6992,12.6992,474.9915397712,0
BBT,D,20220816,000000,12.328,12.6796,12.1131,12.6406,3378.17258889,0
BBT,D,20220817,000000,12.6796,12.6796,12.2889,12.4843,1841.6159052767,0
BBT,D,20220818,000000,12.4843,12.6992,12.3084,12.6992,1933.7478849737,0
BBT,D,20220819,000000,12.8164,12.8164,12.3084,12.4061,2190.693739462,0
BBT,D,20220822,000000,12.367,12.4647,11.9763,12.4452,2019.7377326909,0
BBT,D,20220823,000000,12.4647,12.5038,11.7614,12.3084,4418.2402708028,0
BBT,D,20220824,000000,12.2889,12.2889,11.7419,12.1131,2514.1793570648,0
BBT,D,20220825,000000,12.1131,12.1131,11.9177,12.074,573.265651448,0
BBT,D,20220826,000000,11.9177,12.1131,11.7614,12.1131,1260.1607445223,0
BBT,D,20220829,000000,11.7614,12.1131,10.9799,12.1131,6119.6108292074,0
BBT,D,20220830,000000,11.2339,12.2107,11.1753,12.074,9032.0050762959,0
BBT,D,20220831,000000,12.2107,12.6796,12.2107,12.5038,8333.8494079253,0
BBT,D,20220901,000000,12.3084,12.3475,12.1326,12.2107,4242.1658207152,0
BBT,D,20220902,000000,12.1131,12.2694,12.1131,12.2694,144.3401015253,0
BBT,D,20220905,000000,11.7809,12.2694,11.7809,12.2498,458.6125211584,0
BBT,D,20220906,000000,12.2694,12.2694,11.7614,11.7614,1706.4890017211,0
BBT,D,20220907,000000,11.7223,12.2303,11.7223,12.1521,2457.8764805833,0
BBT,D,20220908,000000,12.1326,12.1326,11.7419,11.9568,2230.6175973307,0
BBT,D,20220909,000000,11.7809,12.074,11.7223,12.074,1934.771573637,0
BBT,D,20220912,000000,12.074,12.074,11.7419,11.7809,2077.0642978357,0
BBT,D,20220913,000000,11.7419,11.82,11.273,11.6832,3395.5752961661,0
BBT,D,20220914,000000,11.4293,11.6832,11.4293,11.4879,2456.85279192,0
BBT,D,20220915,000000,11.3316,11.6832,10.9604,10.9604,7588.6040610429,0
BBT,D,20220916,000000,10.7455,10.9799,10.4329,10.4329,6446.1675128001,0
BBT,D,20220919,000000,10.6868,10.6868,10.2375,10.3547,3996.4805415232,0
BBT,D,20220920,000000,10.6282,10.6478,10.3547,10.3547,1373.7901861486,0
BBT,D,20220921,000000,10.0812,10.6087,9.78813,10.6087,4185.8629442337,0
BBT,D,20220922,000000,10.218,10.5892,10.218,10.5501,624.450084613,0
BBT,D,20220923,000000,10.218,10.6282,10.218,10.6087,438.1387478924,0
BBT,D,20220926,000000,10.2375,10.3547,9.88582,10.1007,3867.4957699474,0
BBT,D,20220927,000000,10.2961,10.2961,9.57322,9.7686,5090.8037225909,0
BBT,D,20220928,000000,9.94443,9.94443,9.35831,9.51461,4247.2842640317,0
BBT,D,20220929,000000,10.1593,10.2961,9.52438,9.59276,7798.4602370194,0
BBT,D,20220930,000000,9.59276,10.0226,9.18248,9.70998,5660.998308049,0
BBT,D,20221003,000000,9.31924,9.46577,9.18248,9.28017,5509.4923858806,0
BBT,D,20221004,000000,9.6416,9.6416,9.26063,9.37785,6369.3908630526,0
BBT,D,20221005,000000,9.46577,9.47554,9.32901,9.33878,1347.1742809028,0
BBT,D,20221006,000000,9.37785,10.0812,9.37785,9.58299,6599.7208122951,0
BBT,D,20221007,000000,9.73929,10.0226,9.73929,9.86628,1191.5736040812,0
BBT,D,20221010,000000,9.86628,10.765,9.86628,10.5501,14802.538071318,0
BBT,D,20221011,000000,10.5501,10.6478,10.1007,10.1593,11763.20642998,0
BBT,D,20221012,000000,10.4133,10.6282,10.257,10.257,5812.5042302174,0
BBT,D,20221013,000000,10.4329,10.4329,9.9835,10.003,867.0642978151,0
BBT,D,20221014,000000,10.0226,10.2961,9.82721,10.003,2996.3367174791,0
BBT,D,20221017,000000,9.84674,10.1593,9.62207,10.1593,1870.2791878491,0
BBT,D,20221018,000000,10.1789,10.1789,9.86628,9.96397,2256.2098139132,0
BBT,D,20221019,000000,9.96397,9.96397,9.96397,9.96397,583.502538081,0
BBT,D,20221020,000000,10.2766,10.2766,9.2997,9.96397,4933.1556684427,0
BBT,D,20221021,000000,9.49507,9.86628,9.49507,9.7686,760.6006768319,0
BBT,D,20221024,000000,9.7686,9.84674,9.65137,9.84674,91.1082910337,0
BBT,D,20221025,000000,9.63183,9.7686,9.63183,9.65137,1499.7038917345,0
BBT,D,20221026,000000,9.40716,9.73929,9.40716,9.73929,5385.6260576213,0
BBT,D,20221027,000000,9.73929,9.73929,9.73929,9.73929,105.4399323199,0
BBT,D,20221028,000000,9.71975,10.2375,9.50484,10.2375,2682.064297846,0
BBT,D,20221031,000000,10.7064,11.5074,10.3547,11.2339,15268.316413119,0
BBT,D,20221102,000000,11.2339,11.2339,10.9604,11.1948,4244.2131980418,0
BBT,D,20221103,000000,11.1753,11.1753,10.9408,10.9408,1480.2538071318,0
BBT,D,20221104,000000,11.0385,11.1948,10.9408,11.1948,1553.9593908894,0
BBT,D,20221107,000000,10.9799,11.4683,10.8236,10.9604,11055.83756364,0
BBT,D,20221108,000000,10.9799,11.4879,10.9799,11.2339,1418.8324873338,0
BBT,D,20221109,000000,11.058,11.4488,10.9408,11.3902,3077.2081218798,0
BBT,D,20221110,000000,11.1362,11.4879,11.1362,11.4879,2838.6886633309,0
BBT,D,20221114,000000,11.4879,11.5465,11.4879,11.4879,2374.957698856,0
BBT,D,20221115,000000,11.2339,11.3316,11.2143,11.312,2563.3164129032,0
BBT,D,20221116,000000,11.1948,11.3902,10.9213,11.3902,6373.4856177058,0
BBT,D,20221117,000000,11.0385,11.3706,11.0385,11.3706,2323.773265691,0
BBT,D,20221118,000000,11.058,11.4293,11.058,11.4293,1699.323181078,0
BBT,D,20221121,000000,11.2534,11.4097,11.2339,11.2339,2663.6379019066,0
BBT,D,20221122,000000,10.9799,11.312,10.9799,11.0776,2688.2064298258,0
BBT,D,20221123,000000,11.058,11.2925,11.058,11.2339,4766.2944163248,0
BBT,D,20221124,000000,11.1167,11.1753,10.9408,11.0385,4554.3908630217,0
BBT,D,20221125,000000,11.0385,11.2339,10.9408,11.1948,8585.6768190971,0
BBT,D,20221128,000000,11.1753,11.1753,10.9799,11.0385,983.7648054313,0
BBT,D,20221129,000000,11.1753,11.5465,11.1753,11.312,6693.9001693187,0
BBT,D,20221130,000000,11.2339,11.9568,11.1753,11.9372,19715.219966495,0
BBT,D,20221201,000000,12.1131,12.1521,11.7419,11.9958,6684.686971349,0
BBT,D,20221202,000000,12.0544,12.0544,11.82,11.8395,3582.91032155,0
BBT,D,20221205,000000,11.9958,12.0935,11.7809,11.9177,3807.0981388127,0
BBT,D,20221206,000000,11.9763,12.4061,11.6442,12.3084,9133.3502539626,0
BBT,D,20221207,000000,12.3084,12.3084,11.7809,11.9372,5021.1928934865,0
BBT,D,20221208,000000,11.7223,12.0154,11.6442,11.7028,8077.9272421003,0
BBT,D,20221209,000000,11.7028,11.8981,11.7028,11.8591,5399.9576989075,0
BBT,D,20221212,000000,11.82,11.82,11.7419,11.82,7916.1844332989,0
BBT,D,20221213,000000,11.98,12,11.82,11.84,5908,0
BBT,D,20221214,000000,11.96,12,11.82,11.96,2641,0
BBT,D,20221215,000000,11.84,11.84,11.04,11.46,2615,0
BBT,D,20221216,000000,11.48,11.7,11.24,11.36,1231,0
BBT,D,20221219,000000,11.4,11.44,11.3,11.4,3376,0
BBT,D,20221220,000000,11.36,11.56,11.36,11.38,2240,0
BBT,D,20221221,000000,11.5,11.62,11.5,11.5,1670,0
BBT,D,20221222,000000,11.5,11.56,11.34,11.42,5128,0
BBT,D,20221223,000000,11.4,11.4,11.24,11.34,2536,0
BBT,D,20221227,000000,11.04,11.34,11.04,11.28,8257,0
BBT,D,20221228,000000,11.28,11.66,11.22,11.3,9448,0
BBT,D,20221229,000000,11.3,11.68,11.3,11.68,2316,0
BBT,D,20221230,000000,11.68,12,11.42,11.8,2711,0
BBT,D,20230102,000000,12,12,11.9,11.9,677,0
BBT,D,20230103,000000,12,12.36,11.9,12,5570,0
BBT,D,20230104,000000,12,12.28,11.32,11.98,7740,0
BBT,D,20230105,000000,12.1,13.26,12.1,13,23316,0
BBT,D,20230109,000000,13.2,13.48,12.8,12.82,13254,0
BBT,D,20230110,000000,12.9,13,12.72,12.9,7293,0
BBT,D,20230111,000000,13,13.44,12.9,13.16,10618,0
BBT,D,20230112,000000,13.16,13.16,12.8,12.8,5590,0
BBT,D,20230113,000000,12.9,13.12,12.7,13,7260,0
BBT,D,20230116,000000,13,13.06,12.72,13,8121,0
BBT,D,20230117,000000,13,13,12.74,12.94,1637,0
BBT,D,20230118,000000,12.94,13.1,12.94,13,6699,0
BBT,D,20230119,000000,13,13.08,12.74,13,8659,0
BBT,D,20230120,000000,13.2,13.44,13.14,13.44,7659,0
BBT,D,20230123,000000,13.5,14.4,13.4,14,16936,0
BBT,D,20230124,000000,14.22,14.34,14.02,14.02,10859,0
BBT,D,20230125,000000,14.62,14.62,13.9,13.94,18128,0
BBT,D,20230126,000000,13.94,14,13.9,13.92,2113,0
BBT,D,20230127,000000,13.8,14.3,13.8,13.94,3052,0
BBT,D,20230130,000000,14.9,14.9,14.28,14.48,11963,0
BBT,D,20230131,000000,14.32,14.7,14.32,14.36,5555,0
BBT,D,20230201,000000,14.36,14.36,14.02,14.18,8689,0
BBT,D,20230202,000000,14.2,15.4,14.2,14.6,8818,0
BBT,D,20230203,000000,14.94,14.98,14.6,14.8,6086,0
BBT,D,20230206,000000,14.8,14.8,14.34,14.34,2673,0
BBT,D,20230207,000000,14.6,14.6,14.18,14.28,7929,0
BBT,D,20230208,000000,14.02,14.42,13.8,14.4,8545,0
BBT,D,20230209,000000,14.02,14.6,14.02,14.54,3692,0
BBT,D,20230210,000000,14.52,14.56,14.2,14.3,6230,0
BBT,D,20230213,000000,14.5,14.5,14.1,14.48,2009,0
BBT,D,20230214,000000,14.16,14.44,14.1,14.14,625,0
BBT,D,20230215,000000,14.14,14.16,14.02,14.14,1205,0
BBT,D,20230216,000000,14.04,14.04,13,13.56,10545,0
BBT,D,20230217,000000,13.58,15.18,13.3,14.94,22750,0
BBT,D,20230220,000000,14.94,14.94,14.58,14.72,11597,0
BBT,D,20230221,000000,14.7,14.82,14.7,14.7,2728,0
BBT,D,20230222,000000,14.7,14.92,14.56,14.74,2412,0
BBT,D,20230223,000000,14.88,15.36,14.8,15.28,6832,0
BBT,D,20230224,000000,15.5,16,15.4,15.4,21978,0
BBT,D,20230227,000000,15.6,16.18,15.14,16.1,11518,0
BBT,D,20230228,000000,16.1,16.98,16.1,16.86,13274,0
BBT,D,20230301,000000,16.9,17.4,15.6,16.46,36845,0
BBT,D,20230302,000000,16.5,16.8,16.42,16.6,10092,0
BBT,D,20230303,000000,16.6,16.9,16.36,16.36,8535,0
BBT,D,20230306,000000,16.5,16.5,15.62,16,17655,0
BBT,D,20230307,000000,16.1,16.1,15.68,15.7,9156,0
BBT,D,20230308,000000,15.7,15.7,15.32,15.46,5894,0
BBT,D,20230309,000000,15.44,15.76,15.1,15.7,15495,0
